%YAML:1.0
    P1: !!opencv-matrix
        rows: 3
        cols: 4
        dt: f
        data: [ 1051.599302, 0.000000, 0.000000, 
            0.000000, 0.000000, 982.327212, 0.000000, 
            0.000000, 616.785732, 317.302023, 1.000000, 
            0.000000]
    P2: !!opencv-matrix
        rows: 3
        cols: 4
        dt: f
        data: [ 1037.902286, -18.161263, 58.993424, 
            -240585.567377, 18.182419, 971.813640, -20.717757, 
            -3090.051350, 647.716689, 342.365084, 29.903539, 
            -149735.483954]
