%YAML:1.0
    boundP: !!opencv-matrix
        rows: 4
        cols: 2
        dt: f
        data: [ 0.0, 0.0, 0.0, 
		10.0, 10.0, 0.0, 10.0, 
		10.0]
    