%YAML:1.0
    boundPoints: !!opencv-matrix
        rows: 4
        cols: 2
        dt: f
        data: [ 0.000000, 0.000000, 0.000000, 
            10.000000, 10.000000, 0.000000, 10.000000, 
            10.000000]
