%YAML:1.0
    P1: !!opencv-matrix
        rows: 3
        cols: 4
        dt: f
        data: [ 980.349744, 0.000000, 0.000000, 
            0.000000, 0.000000, 1053.853150, 0.000000, 
            0.000000, 618.177717, 335.306171, 1.000000, 
            0.000000
    P2: !!opencv-matrix
        rows: 3
        cols: 4
        dt: f
        data: [ 967.267768, -15.421100, 48.204604, 
            -240912.580941, 17.791754, 1034.707327, -25.994713, 
            -3100.904162, 639.716227, 354.525991, 23.409509, 
            -158870.346198