%YAML:1.0
    leftP: !!opencv-matrix
        rows: 3
        cols: 2
        dt: f
        data: [ 386.000000, 469.000000, 397.000000, 
            567.000000, 1103.250000, 582.250000]
    rightP: !!opencv-matrix
        rows: 3
        cols: 2
        dt: f
        data: [ 287.000000, 530.000000, 268.000000, 
            626.000000, 967.000000, 623.000000]
