%YAML:1.0
    leftP: !!opencv-matrix
        rows: 4
        cols: 2
        dt: f
        data: [ 206.000000, 568.000000, 252.000000, 
            409.000000, 1134.000000, 502.000000, 762.000000, 
            395.000000]
    rightP: !!opencv-matrix
        rows: 4
        cols: 2
        dt: f
        data: [ 71.000000, 636.000000, 169.000000, 
            474.000000, 1018.000000, 545.000000, 689.000000, 
            449.000000]
