%YAML:1.0
    leftP: !!opencv-matrix
        rows: 4
        cols: 2
        dt: f
        data: [ 191.000000, 569.000000, 242.750000, 
            403.000000, 1125.750000, 498.750000, 751.250000, 
            388.750000]
    rightP: !!opencv-matrix
        rows: 4
        cols: 2
        dt: f
        data: [ 55.000000, 636.000000, 158.750000, 
            470.000000, 1012.750000, 541.750000, 684.250000, 
            445.750000]
